BEIDOU G1               
1 36287U 10001A   18116.83410066 -.00000309  00000-0  00000-0 0  9996
2 36287   1.4949 359.0404 0002272 151.1193 144.8322  1.00276300 30358
BEIDOU G3               
1 36590U 10024A   18116.83881676 -.00000378  00000-0  00000+0 0  9992
2 36590   1.3401  13.9381 0010748 352.4890 260.8757  1.00269282 28960
BEIDOU IGSO 1           
1 36828U 10036A   18116.85402684 -.00000155  00000-0  10000-3 0  9997
2 36828  54.1509 190.4303 0067127 231.3164 218.5993  1.00283606 28403
BEIDOU G4               
1 37210U 10057A   18116.88845903 -.00000135  00000-0  00000-0 0  9998
2 37210   0.8137  48.2993 0003705 263.4977  22.8442  1.00272333 27475
BEIDOU IGSO 2           
1 37256U 10068A   18116.94585975 -.00000214  00000-0  10000-3 0  9999
2 37256  52.7064 307.5799 0061972 200.6248 165.0353  1.00295948 26993
BEIDOU IGSO 3           
1 37384U 11013A   18116.35363676 -.00000187  00000-0  10000-3 0  9998
2 37384  58.2336  69.6625 0033507 210.2510 182.1227  1.00278543 25861
BEIDOU IGSO 4           
1 37763U 11038A   18116.90431865 -.00000093  00000-0  10000-3 0  9999
2 37763  54.4543 192.8274 0054670 219.8029 220.8389  1.00291828 24839
BEIDOU IGSO 5           
1 37948U 11073A   18116.86312277 -.00000151  00000-0  10000-3 0  9998
2 37948  52.7739 307.0811 0049887 204.4223 108.7973  1.00263253 23584
BEIDOU G5               
1 38091U 12008A   18116.94001538  .00000035  00000-0  00000-0 0  9997
2 38091   2.2025  61.2210 0004457 259.7420 290.9488  1.00272434 22664
BEIDOU M3               
1 38250U 12018A   18116.41981274 -.00000098  00000-0  10000-3 0  9995
2 38250  56.4327  43.6660 0023600 236.1338  53.9584  1.86234529 40906
BEIDOU M4               
1 38251U 12018B   18116.73743823 -.00000100  00000-0  10000-3 0  9991
2 38251  56.3677  43.0703 0025626 229.8654 320.6088  1.86233861 40918
BEIDOU M6               
1 38775U 12050B   18116.60459735  .00000053  00000-0  00000-0 0  9992
2 38775  54.8744 162.7084 0022677 241.1945  57.0907  1.86233190 38284
BEIDOU G6               
1 38953U 12059A   18116.99578899 -.00000197  00000-0  00000-0 0  9994
2 38953   1.7501  80.9677 0001185 268.7841 307.7067  1.00270899 20235
BEIDOU I1-S             
1 40549U 15019A   18116.68655353 -.00000177  00000-0  00000-0 0  9992
2 40549  54.0746 330.1830 0040348 184.8272  44.0263  1.00285842 11268
BEIDOU-3 M1             
1 40748U 15037A   18116.71229616 -.00000101  00000-0  00000-0 0  9993
2 40748  55.6403  42.8465 0008369 284.5358 158.8612  1.86231423 18749
BEIDOU-3 M2             
1 40749U 15037B   18116.65810867 -.00000101  00000-0  00000+0 0  9990
2 40749  55.6406  42.8349 0009775 297.3298 246.9281  1.86232568 18732
BEIDOU I2-S             
1 40938U 15053A   18116.94760491 -.00000151  00000-0  00000-0 0  9993
2 40938  53.7654 293.1147 0049919 173.2037 186.3066  1.00268939  9544
BEIDOU M3-S             
1 41315U 16006A   18116.36045952  .00000051  00000-0  00000-0 0  9994
2 41315  55.0579 162.9973 0003382 309.5308  50.5194  1.86230608 15215
BEIDOU IGSO 6           
1 41434U 16021A   18116.92131027 -.00000154  00000-0  00000-0 0  9999
2 41434  55.9707  68.9565 0031150 191.1214  22.6218  1.00290137  7673
BEIDOU G7               
1 41586U 16037A   18116.00422255 -.00000273  00000-0  00000-0 0  9991
2 41586   0.8238 342.6383 0001877 314.4336  62.9016  1.00275412  6971
BEIDOU-3 M1             
1 43001U 17069A   18116.78038171  .00000055  00000-0  00000-0 0  9993
2 43001  55.0293 162.5015 0011486 276.9958 272.1535  1.86231947  3223
BEIDOU-3 M2             
1 43002U 17069B   18116.09675499  .00000049  00000-0  00000-0 0  9991
2 43002  55.0299 162.5581 0010884 294.3896 201.2678  1.86231647  3200
BEIDOU-3 M3             
1 43107U 18003A   18116.62290491 -.00000100  00000-0  00000-0 0  9999
2 43107  55.0526  44.4677 0005266   3.2683 290.4341  1.86233007  1973
BEIDOU-3 M4             
1 43108U 18003B   18116.73839847 -.00000100  00000-0  00000+0 0  9995
2 43108  55.0468  44.4599 0003357 251.8942 164.2710  1.86232980  1988
BEIDOU-3 M5             
1 43207U 18018A   18116.56531177  .00000053  00000-0  00000-0 0  9994
2 43207  54.9900 162.6740 0008243 307.2581  52.7471  1.86231863  1368
BEIDOU-3 M6             
1 43208U 18018B   18116.09516864  .00000049  00000-0  00000+0 0  9993
2 43208  54.9891 162.6936 0010118 286.3127  73.6546  1.86231997  1354
BEIDOU-3 M7             
1 43245U 18029A   18116.57894828 -.00000102  00000-0  10000-3 0  9994
2 43245  55.0283  42.3029 0002019 311.7001 222.4562  1.86232552   511
BEIDOU-3 M8             
1 43246U 18029B   18115.90000000 -.00000100  00000-0  00000+0 0  9995
2 43246  55.0170  42.3560 0074672 177.6920 321.5140  1.84003486   490