IRIDIUM 7 [+]           
1 24793U 97020B   18116.69632903  .00000064  00000-0  15899-4 0  9994
2 24793  86.4016 187.9543 0002359  95.9142 264.2322 14.34251803 97905
IRIDIUM 5 [-]           
1 24795U 97020D   18116.72854266  .00000270  00000-0  26965-4 0  9993
2 24795  86.4015 182.7773 0138420 337.7810  21.7446 14.79882619 98911
IRIDIUM 4 [-]           
1 24796U 97020E   18116.76190786  .00000101  00000-0  28458-4 0  9990
2 24796  86.4007 186.5774 0002358  94.6440  22.0057 14.35212249 98240
IRIDIUM 914 [-]         
1 24836U 97030A   18116.78041767  .00000095  00000-0  24376-4 0  9999
2 24836  86.3996 202.4642 0003376 123.4251 236.7270 14.38817163231930
IRIDIUM 12 [P]          
1 24837U 97030B   18116.89301017  .00000165  00000-0  47369-4 0  9994
2 24837  86.4271 218.9264 0002320  97.5825 359.4584 14.38601776 91640
IRIDIUM 10 [+]          
1 24839U 97030D   18116.83053061  .00000154  00000-0  47944-4 0  9990
2 24839  86.4006 218.9268 0002230  98.9960 261.1488 14.34217869 91898
IRIDIUM 13 [P]          
1 24840U 97030E   18116.93908417  .03329507 -15257-5  49326-3 0  9997
2 24840  86.3755 215.3521 0127445 220.4680 138.7086 16.13490083 92445
IRIDIUM 16 [-]          
1 24841U 97030F   18116.81547336  .00000085  00000-0  22054-4 0  9992
2 24841  86.4089 218.6371 0002470  35.3279 324.8082 14.36777915 92352
IRIDIUM 911 [-]         
1 24842U 97030G   18116.80516521  .00000093  00000-0  20857-4 0  9992
2 24842  86.4516 219.2398 0016434 125.2839 234.9903 14.45028324 98240
IRIDIUM 15 [+]          
1 24869U 97034A   18116.86494656  .00000072  00000-0  16939-4 0  9998
2 24869  86.4188 250.7970 0002410  88.8460 271.3014 14.38590860 88768
IRIDIUM 17 [-]          
1 24870U 97034B   18116.92400251  .00000092  00000-0  25061-4 0  9993
2 24870  86.3974 248.6677 0000419 115.0683 245.0557 14.35816201 89194
IRIDIUM 920 [-]         
1 24871U 97034C   18116.87528023  .00000103  00000-0  26661-4 0  9996
2 24871  86.4009 234.1288 0012807  37.9469 322.2630 14.39525874 91214
IRIDIUM 18 [+]          
1 24872U 97034D   18116.85858951  .00000092  00000-0  23546-4 0  9997
2 24872  86.4214 250.8893 0002591  85.5506 274.5988 14.38604265 88986
IRIDIUM 921 [-]         
1 24873U 97034E   18116.88808525  .00000383  00000-0  20273-4 0  9990
2 24873  86.3899 277.6066 0005671 312.3645  47.7113 15.11899570135206
IRIDIUM 26 [-]          
1 24903U 97043A   18116.95364068  .00000114  00000-0  32780-4 0  9999
2 24903  86.3929 123.4914 0002314  85.5748 274.5713 14.35308455 82500
IRIDIUM 25 [P]          
1 24904U 97043B   18116.56559097  .01444505 -14430-5  11610-2 0  9997
2 24904  86.4231 124.1414 0335967 161.7358 199.6327 15.54758690 82621
IRIDIUM 46 [P]          
1 24905U 97043C   18116.65659336  .00052527 -83362-6  37503-3 0  9994
2 24905  86.3853 119.7034 0308723  96.0638 267.5877 15.30284761 83410
IRIDIUM 22 [-]          
1 24907U 97043E   18116.93912612  .00000105  00000-0  30530-4 0  9996
2 24907  86.3932 125.0314 0002304  91.2501 268.8958 14.34243607 82817
DUMMY MASS 1 [-]        
1 24925U 97048A   18116.89266769  .00000068  00000-0  46159-5 0  9994
2 24925  86.3344 258.7330 0007920  30.6095 329.5589 14.85170677117906
DUMMY MASS 2 [-]        
1 24926U 97048B   18116.91275557  .00000065  00000-0  43217-5 0  9992
2 24926  86.3341 259.8913 0008981  36.1013 324.0816 14.84938401117743
IRIDIUM 29 [-]          
1 24944U 97051A   18116.63144587  .00000065  00000-0  15976-4 0  9993
2 24944  86.3968 155.8290 0002396  97.4819 262.6650 14.34646764 79157
IRIDIUM 32 [+]          
1 24945U 97051B   18116.62057566  .00000090  00000-0  24981-4 0  9997
2 24945  86.3960 156.1261 0002577 103.4310 256.7173 14.34217783 79347
IRIDIUM 33 [-]          
1 24946U 97051C   18116.65323686  .00000081  00000-0  22270-4 0  9999
2 24946  86.3882 155.5881 0006056 313.5788  46.4904 14.33599983 78935
IRIDIUM 28 [-]          
1 24948U 97051E   18116.64865106  .00000091  00000-0  24827-4 0  9999
2 24948  86.3970 154.8670 0002247  81.5175 278.6277 14.35605559 79485
IRIDIUM 31 [+]          
1 24950U 97051G   18116.62820467  .00000059  00000-0  12703-4 0  9995
2 24950  86.4228 156.2376 0002652  89.9423 270.2079 14.38612378 79525
IRIDIUM 35 [P]          
1 24966U 97056B   18116.70056026  .00000158  00000-0  45092-4 0  9995
2 24966  86.4271 187.6556 0002457  99.3800 260.7676 14.38613926 77193
IRIDIUM 36 [-]          
1 24967U 97056C   18116.71173712  .00000077  00000-0  19990-4 0  9997
2 24967  86.4021 186.4572 0002215  97.4999 262.6450 14.35659858 77846
IRIDIUM 37 [P]          
1 24968U 97056D   18116.64672767  .00487952 -14117-5  82002-3 0  9998
2 24968  86.3646 179.0691 0197106 147.2360 214.1324 15.76058677 78626
IRIDIUM 41 [+]          
1 25040U 97069B   18116.85931144  .00000105  00000-0  30495-4 0  9995
2 25040  86.3964 250.7977 0002240  91.1810 268.9643 14.34213790 70979
IRIDIUM 40 [-]          
1 25041U 97069C   18116.78952227  .00110094  19874-5  53015-3 0  9998
2 25041  86.3772 220.4318 0153746 139.6141 221.6667 15.67065147 75428
IRIDIUM 39 [B]          
1 25042U 97069D   18116.86717702  .00000109  00000-0  24754-4 0  9995
2 25042  86.3936 245.3405 0018540 356.5867   3.5206 14.46232805 71796
IRIDIUM 38 [-]          
1 25043U 97069E   18116.91570731  .00000087  00000-0  22929-4 0  9998
2 25043  86.3974 247.5714 0002000  52.4990 307.6388 14.36088142 71497
IRIDIUM 42 [-]          
1 25077U 97077A   18116.87290039  .00000035  00000-0  52848-5 0  9996
2 25077  86.3974 250.7033 0002085  79.9652 280.1779 14.34523877 67150
IRIDIUM 44 [-]          
1 25078U 97077B   18116.87110638  .00000106  00000-0  28540-4 0  9993
2 25078  86.3987 239.4907 0001552  35.9484 324.1818 14.38183931 68681
IRIDIUM 45 [+]          
1 25104U 97082A   18116.60163355  .00000039  00000-0  69132-5 0  9992
2 25104  86.3963 156.2529 0002419  73.7710 286.3752 14.34221004 65038
IRIDIUM 24 [-]          
1 25105U 97082B   18116.94757758  .00000140  00000-0  38050-4 0  9993
2 25105  86.3877 102.9785 0013002  40.3961 319.8201 14.39918505 67759
IRIDIUM 47 [+]          
1 25106U 97082C   18116.56009270 -.00000028  00000-0 -17128-4 0  9991
2 25106  86.3924 124.3468 0002405  85.8362 274.3108 14.34217900 64993
IRIDIUM 52 [+]          
1 25169U 98010A   18116.81151664  .00000153  00000-0  47419-4 0  9998
2 25169  86.4011 219.2688 0002198  98.1058 262.0387 14.34219954 56452
IRIDIUM 56 [+]          
1 25170U 98010B   18116.87492712  .00000183  00000-0  58108-4 0  9998
2 25170  86.4028 219.3649 0002364  94.3652 265.7814 14.34217007 56646
IRIDIUM 54 [+]          
1 25171U 98010C   18116.76710625  .00000161  00000-0  50294-4 0  9997
2 25171  86.4011 219.3097 0002220  96.9435 263.2013 14.34218137 56890
IRIDIUM 50 [+]          
1 25172U 98010D   18116.79884034  .00000150  00000-0  46362-4 0  9996
2 25172  86.4010 219.2513 0002260 100.1624 259.9827 14.34219979 56434
IRIDIUM 53 [+]          
1 25173U 98010E   18116.81787291  .00000149  00000-0  46315-4 0  9993
2 25173  86.4011 219.2512 0002193  98.1241 262.0204 14.34219602 56450
IRIDIUM 51 [-]          
1 25262U 98018A   18116.70615518  .00000584  00000-0  40356-4 0  9992
2 25262  86.4033 181.8973 0206023 302.4212  55.7229 14.87946979 56732
IRIDIUM 61 [+]          
1 25263U 98018B   18116.69433554  .00000161  00000-0  45984-4 0  9992
2 25263  86.4283 187.8429 0002436 100.4739 259.6734 14.38615908 51635
IRIDIUM 55 [+]          
1 25272U 98019A   18116.63426874  .00000060  00000-0  12965-4 0  9995
2 25272  86.4222 156.0313 0002739  92.5071 267.6441 14.38609007 50898
IRIDIUM 57 [-]          
1 25273U 98019B   18116.61044396  .00000091  00000-0  25279-4 0  9995
2 25273  86.3971 156.3610 0002277  93.6009 266.5448 14.34303027 50773
IRIDIUM 58 [+]          
1 25274U 98019C   18116.64225772  .00000035  00000-0  48309-5 0  9996
2 25274  86.4222 156.5383 0002705  93.2388 266.9119 14.38605420 50893
IRIDIUM 59 [+]          
1 25275U 98019D   18116.78556371  .00000045  00000-0  90404-5 0  9998
2 25275  86.3967 156.3282 0002445  96.2541 263.8933 14.34221324 51096
IRIDIUM 60 [+]          
1 25276U 98019E   18116.65236914  .00000039  00000-0  66896-5 0  9994
2 25276  86.3963 155.9914 0002415  91.6571 268.4902 14.34221760 50785
IRIDIUM 62 [+]          
1 25285U 98021A   18116.89281449 -.00000045  00000-0 -23099-4 0  9992
2 25285  86.3932  92.8131 0002353  82.9873 277.1590 14.34213347 49993
IRIDIUM 63 [-]          
1 25286U 98021B   18116.94065689  .00000066  00000-0  16431-4 0  9998
2 25286  86.3960  93.2103 0002358  91.5096 320.3610 14.34720409 49757
IRIDIUM 64 [+]          
1 25287U 98021C   18116.90550096 -.00000024  00000-0 -15665-4 0  9990
2 25287  86.3933  92.8534 0002072  81.2034 278.9397 14.34213867 49690
IRIDIUM 65 [+]          
1 25288U 98021D   18116.91184061 -.00000034  00000-0 -19253-4 0  9995
2 25288  86.3931  92.7485 0002318  81.0672 279.0786 14.34214029 49709
IRIDIUM 66 [+]          
1 25289U 98021E   18116.91818191 -.00000031  00000-0 -17966-4 0  9990
2 25289  86.3931  92.6464 0002322  82.7779 277.3680 14.34213950 49994
IRIDIUM 67 [+]          
1 25290U 98021F   18116.85476089 -.00000030  00000-0 -17663-4 0  9994
2 25290  86.3932  92.8141 0002258  82.7754 277.3699 14.34213843 49690
IRIDIUM 68 [+]          
1 25291U 98021G   18116.86110208 -.00000025  00000-0 -16136-4 0  9992
2 25291  86.3933  92.9361 0002207  81.9895 278.1551 14.34213933 49638
IRIDIUM 69 [-]          
1 25319U 98026A   18116.92704011  .00000149  00000-0  42106-4 0  9997
2 25319  86.3952 113.7876 0001868  31.8677 328.2634 14.38728382 47907
IRIDIUM 71 [-]          
1 25320U 98026B   18116.89640108  .00000122  00000-0  33087-4 0  9990
2 25320  86.3935 109.5348 0003811  62.8016 297.3571 14.39144656 48339
IRIDIUM 70 [+]          
1 25342U 98032A   18116.88646684 -.00000030  00000-0 -17820-4 0  9992
2 25342  86.3937  93.1829 0002380  82.6329 277.5137 14.34213751 43762
IRIDIUM 72 [P]          
1 25343U 98032B   18116.45516252 -.00000036  00000-0 -19774-4 0  9999
2 25343  86.3932  92.9541 0002282  82.4763 277.6692 14.34214306 44009
IRIDIUM 73 [-]          
1 25344U 98032C   18116.92355759  .00000114  00000-0  24544-4 0  9991
2 25344  86.4427  70.3637 0002915  89.5551 270.5987 14.49109966 52685
IRIDIUM 75 [+]          
1 25346U 98032E   18116.88013262 -.00000029  00000-0 -17510-4 0  9990
2 25346  86.3934  93.0400 0002250  83.0329 277.1122 14.34213000 44339
IRIDIUM 76 [P]          
1 25432U 98048B   18116.52330634 -.00000013  00000-0 -10895-4 0  9991
2 25432  86.4225 124.5639 0002705  87.8842 272.2666 14.38600853 30525
IRIDIUM 82 [-]          
1 25467U 98051A   18116.86257801  .00000498  00000-0  35142-4 0  9991
2 25467  86.4031 237.3561 0181137 353.6987   6.1959 14.89847888 33536
IRIDIUM 81 [+]          
1 25468U 98051B   18116.87124310  .00000116  00000-0  31502-4 0  9994
2 25468  86.4237 250.6827 0002261 100.7391 259.4062 14.38608571 27931
IRIDIUM 80 [+]          
1 25469U 98051C   18116.93955779  .00000091  00000-0  25355-4 0  9994
2 25469  86.3965 250.8967 0001870  80.5559  39.1881 14.34214147 27785
IRIDIUM 2 [-]           
1 25527U 98066A   18116.72454520  .00000996  00000-0  47989-4 0  9991
2 25527  85.5340 207.0536 0009883  31.9422 328.2416 15.17340367 65891
IRIDIUM 86 [+]          
1 25528U 98066B   18116.79249483  .00000152  00000-0  47184-4 0  9990
2 25528  86.4002 218.6525 0002816  79.2815 280.8698 14.34219213 24087
IRIDIUM 84 [+]          
1 25530U 98066D   18116.89396677  .00000093  00000-0  26188-4 0  9997
2 25530  86.4002 218.7798 0002284  99.2264 260.9190 14.34214371 21894
IRIDIUM 83 [+]          
1 25531U 98066E   18116.78621121  .00000162  00000-0  50810-4 0  9997
2 25531  86.4005 218.9633 0002226  98.1296 262.0153 14.34216310 19026
IRIDIUM 20 [P]          
1 25577U 98074A   18116.50435854 -.00000030  00000-0 -16204-4 0  9997
2 25577  86.4188 124.4666 0002723 101.5761 258.5743 14.38606699198742
IRIDIUM 11 [+]          
1 25578U 98074B   18116.94024691  .00000033  00000-0  43453-5 0  9997
2 25578  86.4187 124.5021 0002724 111.8236 309.9709 14.38623234 22372
IRIDIUM 14 [+]          
1 25777U 99032A   18116.89915222 -.00000026  00000-0 -16483-4 0  9992
2 25777  86.3934  92.8586 0002349  81.8825 278.2637 14.34214056999564
IRIDIUM 21 [+]          
1 25778U 99032B   18116.93720435 -.00000039  00000-0 -21017-4 0  9991
2 25778  86.3933  92.8575 0002201  86.4276 273.7172 14.34214245993007
IRIDIUM 91 [+]          
1 27372U 02005A   18116.62700121  .00000087  00000-0  23981-4 0  9996
2 27372  86.3970 156.2124 0002805  93.9543 266.1974 14.34222080856500
IRIDIUM 90 [B]          
1 27373U 02005B   18116.93090818  .00109554  13179-5  62071-3 0  9993
2 27373  86.4384 215.9078 0326583 174.6288 185.8615 15.30801205856932
IRIDIUM 95 [+]          
1 27375U 02005D   18116.59529352  .00000067  00000-0  16741-4 0  9994
2 27375  86.3966 156.2355 0002836 107.7617 252.3888 14.34220896855800
IRIDIUM 96 [P]          
1 27376U 02005E   18116.68311915  .00033529 -10998-5  34775-3 0  9997
2 27376  86.3837 180.2367 0300009  49.8296 312.8805 15.24723774262794
IRIDIUM 97 [+]          
1 27450U 02031A   18116.68766603  .00000138  00000-0  38691-4 0  9996
2 27450  86.4278 187.8922 0002286  99.2723 260.8734 14.38605735835134
IRIDIUM 98 [+]          
1 27451U 02031B   18116.92273415  .00000100  00000-0  28738-4 0  9998
2 27451  86.3958 250.9785 0002389  85.7615 274.3854 14.34213808836251