NOAA 15                 
1 25338U 98030A   18116.89489886  .00000045  00000-0  37622-4 0  9991
2 25338  98.7725 133.2852 0010812  22.7470 337.4187 14.25848160 37450
METEOSAT-8 (MSG-1)      
1 27509U 02040B   18116.44819028  .00000121  00000-0  00000-0 0  9996
2 27509   5.3808  57.1597 0002189 347.9874  11.9384  1.00268325 57448
NOAA 18                 
1 28654U 05018A   18116.95852805  .00000022  00000-0  36997-4 0  9990
2 28654  99.1504 151.3553 0013229 270.9895  88.9760 14.12373644666455
METEOSAT-9 (MSG-2)      
1 28912U 05049B   18116.78543351 -.00000000  00000-0  00000-0 0  9994
2 28912   2.8227  71.6529 0001589 306.0571 123.2206  1.00277314 45224
HIMAWARI-7 (MTSAT-2)    
1 28937U 06004A   18116.88549302 -.00000265  00000-0  00000-0 0  9999
2 28937   0.0385 102.9386 0003831 305.5296 270.1663  1.00272809 44665
FORMOSAT-3 FM6          
1 29047U 06011A   18116.88397532  .00000030  00000-0  28150-4 0  9995
2 29047  71.9784 267.0763 0050994 329.9776  29.8438 14.28633071629557
FORMOSAT-3 FM1          
1 29048U 06011B   18116.59650254  .00000059  00000-0  39798-4 0  9998
2 29048  71.9668 179.4744 0045721 287.3271  72.2866 14.28568019632003
FORMOSAT-3 FM5          
1 29049U 06011C   18116.92114904  .00000116  00000-0  62189-4 0  9997
2 29049  72.0209 346.0387 0035948 319.5695  40.2771 14.28639396627832
FORMOSAT-3 FM3          
1 29050U 06011D   18116.44259558  .00000105  00000-0  32634-4 0  9991
2 29050  72.0166 212.9548 0051505 306.4390  53.2020 14.58653742642146
FORMOSAT-3 FM4          
1 29051U 06011E   18116.79661850  .00000075  00000-0  45264-4 0  9991
2 29051  72.0057 249.7981 0068950 199.4335 160.4172 14.28667586630409
FORMOSAT-3 FM2          
1 29052U 06011F   18116.64002941  .00000114  00000-0  60926-4 0  9992
2 29052  72.0340 322.0003 0041659 282.9193  76.7292 14.28762028628701
GOES 13                 
1 29155U 06018A   18116.57076418 -.00000307  00000-0  00000-0 0  9993
2 29155   0.2715 274.4084 0007316 136.0768 309.5738  1.00279598 13567
METOP-A                 
1 29499U 06044A   18116.95223557  .00000003  00000-0  21075-4 0  9994
2 29499  98.6319 175.5733 0001346  55.9499  71.1990 14.21519539597533
FENGYUN 2D              
1 29640U 06053A   18114.59285829 -.00000381  00000-0  10000-3 0  9995
2 29640   5.0191  62.8562 0005499 316.5861 170.2580  1.00267294 41723
FENGYUN 3A              
1 32958U 08026A   18116.91357403  .00000021  00000-0  29412-4 0  9997
2 32958  98.3847 134.4820 0010888  88.0730 272.1698 14.19700930513852
FENGYUN 2E              
1 33463U 08066A   18116.94559848 -.00000222  00000-0  00000-0 0  9995
2 33463   2.7811  68.7249 0004808 231.9439 341.0603  1.00279214 34276
NOAA 19                 
1 33591U 09005A   18116.91812119  .00000098  00000-0  78083-4 0  9991
2 33591  99.1380  93.9389 0014962 109.3539 250.9250 14.12272954474674
GOES 14                 
1 35491U 09033A   18116.69330799 -.00000117  00000-0  00000-0 0  9990
2 35491   0.1569 105.5603 0006034 132.7977 121.5773  1.00272478 32332
METEOR-M 1              
1 35865U 09049A   18116.90090617  .00000040  00000-0  36774-4 0  9993
2 35865  98.4082 129.3292 0001674 343.8177  16.2948 14.22146687446543
GOES 15                 
1 36411U 10008A   18115.78254386  .00000066  00000-0  00000-0 0  9995
2 36411   0.1295 104.8626 0000519  51.1799 203.9538  1.00268855 29868
COMS 1                  
1 36744U 10032A   18116.88209081 -.00000368  00000-0  00000-0 0  9991
2 36744   0.0065  52.2824 0001058 352.2826 256.0135  1.00271136 21277
FENGYUN 3B              
1 37214U 10059A   18116.87445740  .00000007  00000-0  26684-4 0  9995
2 37214  98.9429  81.0706 0016772 331.4754  28.5509 14.15881903386930
SUOMI NPP               
1 37849U 11061A   18116.80554053  .00000001  00000-0  21153-4 0  9994
2 37849  98.7343  55.9781 0001083  53.5377 333.8764 14.19546218336595
FENGYUN 2F              
1 38049U 12002A   18116.90484111 -.00000379  00000-0  00000-0 0  9994
2 38049   2.3572  78.2081 0003374 195.7462  18.5716  1.00282133 23072
METEOSAT-10 (MSG-3)     
1 38552U 12035B   18116.37781410  .00000042  00000-0  00000-0 0  9998
2 38552   0.9297  30.7640 0000517  19.3991 309.8350  1.00281675 21075
METOP-B                 
1 38771U 12049A   18116.92019973 -.00000000  00000-0  19770-4 0  9998
2 38771  98.6769 177.2242 0002276  85.1028  26.9654 14.21501020290851
FENGYUN 3C              
1 39260U 13052A   18116.90227301 -.00000009  00000-0  17222-4 0  9990
2 39260  98.6569 183.7067 0010175 305.9838  54.0381 14.15843362237883
METEOR-M 2              
1 40069U 14037A   18116.71820509 -.00000034  00000-0  38834-5 0  9992
2 40069  98.6083 169.1761 0006404  38.5101 321.6526 14.20651175197079
HIMAWARI-8              
1 40267U 14060A   18116.01502025 -.00000300  00000-0  00000+0 0  9995
2 40267   0.0146 232.4964 0001218 181.0695 306.4453  1.00267818 13040
FENGYUN 2G              
1 40367U 14090A   18116.94812832 -.00000323  00000-0  00000-0 0  9997
2 40367   0.3217 128.6047 0002651 197.5764 329.3884  1.00273580 12226
METEOSAT-11 (MSG-4)     
1 40732U 15034A   18116.01086416 -.00000026  00000-0  00000+0 0  9990
2 40732   1.3595 217.4144 0001290 151.9504 208.3241  1.00275128 10222
ELEKTRO-L 2             
1 41105U 15074A   18116.98310291 -.00000120  00000-0  00000-0 0  9992
2 41105   0.0554  71.3696 0001158 341.2951 232.2299  1.00271478  8703
HIMAWARI-9              
1 41836U 16064A   18116.01463113 -.00000299  00000-0  00000+0 0  9995
2 41836   0.0117  68.1800 0001124 295.4783 356.3425  1.00270289  5486
GOES 16                 
1 41866U 16071A   18116.61289237 -.00000272  00000-0  00000+0 0  9996
2 41866   0.0196 111.8486 0001153 300.2146 307.9413  1.00271220  5296
FENGYUN 4A              
1 41882U 16077A   18116.96021583 -.00000353  00000-0  00000-0 0  9997
2 41882   0.1732 281.2564 0009759 223.5211 160.4664  1.00267707  5161
CYGFM05                 
1 41884U 16078A   18116.67121575  .00000405  00000-0  23518-4 0  9990
2 41884  34.9565 240.3511 0016962 259.9287  99.9510 15.13951177 75376
CYGFM04                 
1 41885U 16078B   18116.64745368  .00000405  00000-0  23084-4 0  9998
2 41885  34.9496 237.9975 0015143 262.1549  97.7443 15.14601818 75391
CYGFM02                 
1 41886U 16078C   18116.70274798  .00001886  00000-0  10160-3 0  9994
2 41886  34.9588 238.7942 0015958 261.5238  98.3665 15.14487854 75394
CYGFM01                 
1 41887U 16078D   18116.68364458  .00000405  00000-0  23565-4 0  9995
2 41887  34.9532 240.3312 0017355 261.2281  98.6465 15.13906439 75375
CYGFM08                 
1 41888U 16078E   18116.75325988  .00001765  00000-0  95730-4 0  9992
2 41888  34.9502 238.8905 0016595 263.2888  96.5934 15.14283711 75384
CYGFM06                 
1 41889U 16078F   18116.74594932  .00000412  00000-0  23496-4 0  9997
2 41889  34.9582 237.2229 0014857 261.3496  98.5532 15.14585931 75406
CYGFM07                 
1 41890U 16078G   18116.72540011  .00000412  00000-0  23516-4 0  9999
2 41890  34.9520 236.8245 0014598 262.6274  97.2778 15.14594925 75404
CYGFM03                 
1 41891U 16078H   18116.72009019  .00000408  00000-0  23285-4 0  9996
2 41891  34.9552 236.9007 0014077 262.1973  97.7140 15.14592819 75408
FENGYUN 3D              
1 43010U 17072A   18116.94179487  .00000019  00000-0  29337-4 0  9999
2 43010  98.6720  58.7928 0001566 127.1443 232.9881 14.19695116 23169
NOAA 20                 
1 43013U 17073A   18116.83520866 -.00000017  00000-0  12590-4 0  9994
2 43013  98.7223  55.8980 0001365  75.7158 284.4170 14.19556995 22629